21	1	0	0
22	1	1	1
23	1	1	2
24	1	1	3
25	1	1	4
26	1	1	5
27	1	1	6
28	1	1	7
29	1	1	8
30	1	1	9
31	1	1	10
32	1	1	11
33	1	1	12
34	1	1	13
35	1	1	14
36	1	1	15
37	1	1	16
38	1	1	17
39	1	1	18
40	1	1	19
41	1	1	20
42	1	1	21
43	1	1	22
44	1	1	23
45	1	1	24
46	1	1	25
47	1	1	26
48	1	1	27
49	1	1	28
50	1	1	29
51	1	1	30
52	1	1	31
53	1	1	32
54	1	1	33
55	1	1	34
56	1	1	35
57	1	1	36
58	1	1	37
59	1	1	38
60	1	1	39
61	1	1	40
62	1	1	41
63	1	1	42
64	1	1	43
65	1	1	44
66	1	1	45
67	1	1	46
68	1	1	47
69	1	1	48
70	1	1	49
71	1	1	50
72	1	1	51
73	1	1	52
74	1	1	53
75	1	1	54
76	1	1	55
77	1	1	56
78	1	1	57
79	1	1	58
80	1	1	59
81	1	1	60
82	1	1	61
83	1	1	62
84	1	1	63
85	1	1	64
86	1	1	65
87	1	1	66
88	1	1	67
89	1	1	68
90	1	1	69
91	1	1	70
92	1	1	71
93	1	1	72
94	1	1	73
95	1	1	74
96	1	1	75
97	1	1	76
98	1	1	77
99	1	1	78
100	1	1	79
101	1	1	80
102	1	1	81
103	1	1	82
104	1	1	83
105	1	1	84
106	1	1	85
107	1	1	86
108	1	1	87
109	1	1	88
110	1	1	89
111	1	1	90
112	1	1	91
113	1	1	92
114	1	1	93
115	1	1	94
116	1	1	95
117	1	1	96
118	1	1	97
119	1	1	98
120	1	1	99
121	1	1	100
122	1	1	101
123	1	1	102
124	1	1	103
125	1	1	104
126	1	1	105
127	1	1	106
128	1	1	107
129	1	1	108
130	1	1	109
131	1	1	110
132	1	1	111
133	1	1	112
134	1	1	113
135	1	1	114
136	1	1	115
137	1	1	116
138	1	1	117
139	1	1	118
140	1	1	119
141	1	1	120
142	1	1	121
143	1	1	122
144	1	1	123
145	1	1	124
146	1	1	125
147	1	1	126
148	1	1	127
149	1	1	128
150	1	1	129
151	1	1	130
152	1	1	131
153	1	1	132
154	1	1	133
155	1	1	134
156	1	1	135
157	1	1	136
158	1	1	137
159	1	1	138
160	1	1	139
161	1	1	140
162	6	0	0
163	6	1	1
164	6	1	2
165	6	1	3
166	6	1	4
167	6	1	5
168	6	1	6
169	6	1	7
170	6	1	8
171	6	1	9
172	6	1	10
173	6	1	11
174	6	1	12
175	6	1	13
176	6	1	14
177	6	1	15
178	6	1	16
179	6	1	17
180	6	1	18
181	6	1	19
182	6	1	20
183	6	1	21
184	6	1	22
185	6	1	23
186	6	1	24
187	6	1	25
188	6	1	26
189	6	1	27
190	6	1	28
191	6	1	29
192	6	1	30
193	6	1	31
194	6	1	32
195	6	1	33
196	6	1	34
197	6	1	35
198	11	0	0
199	11	1	1
200	11	1	2
201	11	1	3
202	11	1	4
203	11	1	5
204	11	1	6
205	11	1	7
206	11	1	8
207	11	1	9
208	11	1	10
209	11	1	11
210	11	1	12
211	11	1	13
212	11	1	14
213	11	1	15
214	11	1	16
215	11	1	17
216	11	1	18
217	11	1	19
218	11	1	20
219	11	1	21
220	11	1	22
221	11	1	23
222	11	1	24
223	11	1	25
224	11	1	26
225	11	1	27
226	11	1	28
227	11	1	29
228	11	1	30
229	11	1	31
230	11	1	32
231	11	1	33
232	11	1	34
233	11	1	35
234	16	0	0
235	16	1	1
236	16	1	2
237	16	1	3
238	16	1	4
239	16	1	5
240	16	1	6
241	16	1	7
242	16	1	8
243	16	1	9
244	16	1	10
245	16	1	11
246	16	1	12
247	16	1	13
248	16	1	14
249	16	1	15
250	16	1	16
251	16	1	17
252	16	1	18
253	16	1	19
254	16	1	20
255	16	1	21
256	16	1	22
257	16	1	23
258	16	1	24
259	16	1	25
260	16	1	26
261	16	1	27
262	16	1	28
263	16	1	29
264	16	1	30
265	16	1	31
266	16	1	32
267	16	1	33
268	16	1	34
269	16	1	35
