523138
523679
524048
527419
527527
530548
532431
532912
536478
537461
537638
537663
548090
549743
550833
551840
552697
553447
554401
555155
556016
557170
569601
575215
575948
578182
579291
583930
588756
596995
606326
613478
614364
614627
615122
618026
619058
619354
619511
619631
619633
619964
620698
621947
623233
623301
623361
623383
628295
629321
629414
631282
632195
633017
633936
636283
636829
637758
639234
640499
640502
640505
641423
653981
654996
655942
656898
657862
658290
658363
659845
660444
661371
661550
662261
662875
668963
673002
673314
674759
678331
679599
680410
684205
684308
691414
697297
697300
697303
698557
698674
699110
706958
707842
708342
714216
720311
722611
725085
726243
727358
727577
728426
731463
732462
735963
739768
740148
743595
747565
747854
755600
757019
761930
762750
763356
767673
769783
770044
771404
771539
781567
782035
783451
794466
795431
803359
804003
805394
806276
806325
806378
806668
807667
807677
807685
807693
809385
810343
810441
810739
810771
811082
811090
814669
814717
814784
815619
820280
822431
823394
824066
827059
827568
828813
829160
829685
833004
833089
833099
834293
845482
845754
846084
846171
846353
846398
846568
847026
847498
847520
856658
861856
862215
865140
869093
872515
875194
875295
877963
878806
879658
880500
881414
882237
883068
883996
884820
885644
886463
887274
888121
888907
889756
891195
891980
892698
893534
895315
896025
896433
896543
897635
898448
899283
900300
901309
902138
902953
903837
904648
909579
911177
911612
911667
912094
912798
913120
914490
915059
915652
916513
917612
918024
921900
923166
924002
924858
925711
926295
927437
928277
929117
929931
930786
931664
932420
933560
934633
935589
936369
937169
938003
938936
939704
940421
940991
942010
942787
943183
945774
946533
951223
951360
953426
954341
954519
958380
960652
965169
966617
967193
968149
973165
973975
974987
975736
976446
976908
977894
978315
978972
979477
980134
980809
981227
981861
982816
983610
984426
984945
985206
985597
986032
986048
986049
986053
986055
986056
986058
986060
986061
986064
986069
986070
986071
994561
995232
996430
996949
997730
1000509
1001625
1004923
1005535
1006152
1009419
1010491
1011263
1014811
1015213
1019577
1019589
1019601
1019630
1019671
1019711
1020260
1021642
1023882
1024779
1025031
1025534
1025820
1034611
1037600
1037630
1037647
1037663
1037673
1037689
1037704
1037718
1037727
1037756
1037766
1037795
1037892
1037913
1037948
1037975
1037988
1038036
1038045
1038059
1038075
1038090
1038110
1038123
1038136
1038198
1038214
1038229
1038269
1038286
1038316
1038382
1038534
1038574
1038633
1038644
1038656
1038703
1038718
1038736
1038743
1038759
1038772
1038781
1038792
1038816
1038832
1038846
1038860
1038876
1038890
1038905
1038919
1038938
1038950
1039022
1039099
1039178
1039257
1039329
1039607
1039697
1039783
1039850
1039920
1040000
1040062
1040133
1040674
1041065
1041146
1041246
1041322
1041420
1041510
1041597
1041688
1041764
1041868
1041952
1042039
1042113
1042187
1042535
1042603
1042675
1042773
1042860
1042945
1043028
1043133
1043220
1043289
1043355
1043678
1043841
1043920
1044006
1044076
1044154
1046014
1046156
1046208
1046278
1046376
1046422
1046462
1046505
1046554
1046890
1046936
1046988
1047870
1047914
1047996
1048098
1048640
1048698
1048750
1048840
1048881
1048915
1048998
1049069
1049161
1049239
1049300
1049336
1049369
1049447
1049478
1049503
1049654
1049681
1049707
1049723
1049785
1049819
1049853
1049967
1050003
1050062
1050085
1050136
1050424
1050507
1050547
1050574
1050660
1050715
1050760
1050919
1050982
1051005
1051072
1051092
1051120
1051139
1051164
1051202
1051233
1051281
1051397
1051441
1051514
1051577
1051681
1051756
1051783
1051852
1051885
1051910
1051960
1051986
1052010
1052047
1052088
1052123
1052171
1052200
1052219
1052236
1052266
1052354
1052394
1052434
1052463
1052479
1052510
1052685
1052734
1052763
1052803
1052877
1052897
1052915
1052958
1052975
1053000
1053027
1053046
1053066
1053087
1053110
1053237
1053259
1053298
1053322
1053373
1053425
1053448
1053470
1053501
1053513
1053531
1053550
1053577
1053603
1053641
1053664
1053689
1053747
1053772
1053792
1053804
1053862
1053886
1053902
1053921
1053936
1053953
1053971
1053987
1054003
1054018
1054030
1054049
1054066
1054078
1054089
1054096
1054137
1054170
1054228
1054243
1054316
1054347
1054372
1054390
1054425
1054440
1054464
1054546
1054572
1054892
1054904
1054919
1054935
1054951
1054966
1054980
1055013
1055029
1055037
1055047
1055065
1055075
1055089
1055122
1055135
1055202
1055218
1055229
1055246
1055259
1055287
1055295
1055321
1055355
1055398
1055482
1055516
1055557
1055568
1055578
1055612
1055628
1055653
1055667
1055713
1055794
1055798
1055850
1055858
1055896
1055915
1055926
1055938
1055947
1055960
1055968
1055984
1056001
1056016
1056027
1056039
1056051
1056063
1056073
1056084
1056094
1056109
1056121
1056144
1056264
1056292
1056317
1056323
1056331
1056343
1056400
1056411
1056419
1056441
1056479
1056505
1056520
1056531
1056569
1056578
1056587
1056594
1056600
1056619
1056631
1056639
1056650
1056661
1056667
1056686
1056743
1056753
1056781
1056823
1056845
1056854
1056870
1056907
1056931
1056946
1056954
1056962
1057015
1057020
1057024
1057043
1061538
1063638
1067698
1068311
1074364
