Zn+        Y -0.51819 33177 944225  0.03514   528 25230  0.02093
Zn+        W -0.03083 15786 944225  0.01672   409 25230  0.01621
Zn+        V -0.26332 59607 944225  0.06313  1224 25230  0.04851
Zn+        T -0.20241 51411 944225  0.05445  1122 25230  0.04447
Zn+        S -0.18138 62814 944225  0.06652  1400 25230  0.05549
Zn+        R -0.07257 45835 944225  0.04854  1139 25230  0.04514
Zn+        Q -0.21473 37946 944225  0.04019   818 25230  0.03242
Zn+        P  0.07333 50568 944225  0.05356  1454 25230  0.05763
Zn+        N -0.08405 38223 944225  0.04048   939 25230  0.03722
Zn+        M  0.05583 20563 944225  0.02178   581 25230  0.02303
Zn+        L -0.13998 84546 944225  0.08954  1964 25230  0.07784
Zn+        K -0.20062 56945 944225  0.06031  1245 25230  0.04935
Zn+        I -0.24634 45820 944225  0.04853   957 25230  0.03793
Zn+        H  0.33083 33147 944225  0.03510  1233 25230  0.04887
Zn+        G  0.16319 66981 944225  0.07094  2107 25230  0.08351
Zn+        F  0.29444 39756 944225  0.04210  1426 25230  0.05652
Zn+        E -0.08986 60924 944225  0.06452  1488 25230  0.05898
Zn+        D -0.17668 54392 944225  0.05760  1218 25230  0.04828
Zn+        C  1.43205 21227 944225  0.02248  2375 25230  0.09413
Zn+        A -0.06702 63470 944225  0.06722  1586 25230  0.06286
Mn++       Y -0.08123  6787 203253  0.03339   108  3508  0.03079
Mn++       W -0.00925  2690 203253  0.01323    46  3508  0.01311
Mn++       V  0.22698 13760 203253  0.06770   298  3508  0.08495
Mn++       T  0.50193 10347 203253  0.05091   295  3508  0.08409
Mn++       S  0.15775 11035 203253  0.05429   223  3508  0.06357
Mn++       R -0.78645 10177 203253  0.05007    80  3508  0.02281
Mn++       Q -0.36384  7503 203253  0.03691    90  3508  0.02566
Mn++       P -0.22351 10433 203253  0.05133   144  3508  0.04105
Mn++       N -0.46455  8759 203253  0.04309    95  3508  0.02708
Mn++       M  0.24222  4775 203253  0.02349   105  3508  0.02993
Mn++       L -0.46600 18282 203253  0.08995   198  3508  0.05644
Mn++       K -1.29125 12434 203253  0.06117    59  3508  0.01682
Mn++       I  0.47735 12258 203253  0.06031   341  3508  0.09721
Mn++       H  0.64489  5594 203253  0.02752   184  3508  0.05245
Mn++       G  0.20437 15397 203253  0.07575   326  3508  0.09293
Mn++       F  0.19825  8316 203253  0.04091   175  3508  0.04989
Mn++       E -0.37062 13933 203253  0.06855   166  3508  0.04732
Mn++       D -0.02839 11862 203253  0.05836   199  3508  0.05673
Mn++       C  0.44565  2820 203253  0.01387    76  3508  0.02166
Mn++       A  0.09103 15605 203253  0.07678   295  3508  0.08409
Mg++       Y -0.48797 28964 892414  0.03246   235 11795  0.01992
Mg++       W -0.07948 11141 892414  0.01248   136 11795  0.01153
Mg++       V  0.00289 61259 892414  0.06864   812 11795  0.06884
Mg++       T  0.81819 50042 892414  0.05607  1499 11795  0.12709
Mg++       S  0.31501 52786 892414  0.05915   956 11795  0.08105
Mg++       R -0.56785 46191 892414  0.05176   346 11795  0.02933
Mg++       Q -1.04574 36169 892414  0.04053   168 11795  0.01424
Mg++       P  0.10110 38022 892414  0.04261   556 11795  0.04714
Mg++       N  0.14831 36073 892414  0.04042   553 11795  0.04688
Mg++       M  0.02765 22300 892414  0.02499   303 11795  0.02569
Mg++       L  0.05650 83088 892414  0.09310  1162 11795  0.09852
Mg++       K -1.14127 52586 892414  0.05893   222 11795  0.01882
Mg++       I  0.18404 52934 892414  0.05932   841 11795  0.07130
Mg++       H -0.54355 22932 892414  0.02570   176 11795  0.01492
Mg++       G  0.03356 62628 892414  0.07018   856 11795  0.07257
Mg++       F  0.05478 35169 892414  0.03941   491 11795  0.04163
Mg++       E -0.63694 62513 892414  0.07005   437 11795  0.03705
Mg++       D  0.20188 54224 892414  0.06076   877 11795  0.07435
Mg++       C  0.34071 12754 892414  0.01429   237 11795  0.02009
Mg++       A  0.01155 69257 892414  0.07761   926 11795  0.07851
Metal      Y  0.04109  9526 280133  0.03401   224  6322  0.03543
Metal      W -0.12596  4272 280133  0.01525    85  6322  0.01345
Metal      V  0.13025 18944 280133  0.06763   487  6322  0.07703
Metal      T  0.05843 15757 280133  0.05625   377  6322  0.05963
Metal      S  0.03274 17325 280133  0.06185   404  6322  0.06390
Metal      R -0.27494 13475 280133  0.04810   231  6322  0.03654
Metal      Q -0.12393 11486 280133  0.04100   229  6322  0.03622
Metal      P -0.27517 13478 280133  0.04811   231  6322  0.03654
Metal      N -0.00392 11833 280133  0.04224   266  6322  0.04208
Metal      M  0.01122  6441 280133  0.02299   147  6322  0.02325
Metal      L -0.02769 25374 280133  0.09058   557  6322  0.08811
Metal      K -0.17168 16730 280133  0.05972   318  6322  0.05030
Metal      I -0.00647 15654 280133  0.05588   351  6322  0.05552
Metal      H -0.05555  8291 280133  0.02960   177  6322  0.02800
Metal      G -0.00962 19551 280133  0.06979   437  6322  0.06912
Metal      F  0.12500 11262 280133  0.04020   288  6322  0.04556
Metal      E -0.12838 19447 280133  0.06942   386  6322  0.06106
Metal      D -0.15141 16085 280133  0.05742   312  6322  0.04935
Metal      C  1.07319  4727 280133  0.01687   312  6322  0.04935
Metal      A  0.09914 19984 280133  0.07134   498  6322  0.07877
Fe++       Y  0.02564  1962 50873  0.03857    33   834  0.03957
Fe++       W -0.19198   813 50873  0.01598    11   834  0.01319
Fe++       V  0.09210  3171 50873  0.06233    57   834  0.06835
Fe++       T  0.58714  2645 50873  0.05199    78   834  0.09353
Fe++       S  0.22299  3026 50873  0.05948    62   834  0.07434
Fe++       R -1.30444  2473 50873  0.04861    11   834  0.01319
Fe++       Q -0.49265  2396 50873  0.04710    24   834  0.02878
Fe++       P -1.22000  2686 50873  0.05280    13   834  0.01559
Fe++       N -0.81725  2348 50873  0.04615    17   834  0.02038
Fe++       M  0.11840   867 50873  0.01704    16   834  0.01918
Fe++       L  0.12583  4787 50873  0.09410    89   834  0.10671
Fe++       K -0.80879  3013 50873  0.05923    22   834  0.02638
Fe++       I  0.45534  2476 50873  0.04867    64   834  0.07674
Fe++       H -0.24112  1475 50873  0.02899    19   834  0.02278
Fe++       G  0.42448  3192 50873  0.06274    80   834  0.09592
Fe++       F -0.26164  2298 50873  0.04517    29   834  0.03477
Fe++       E -0.13472  3420 50873  0.06723    49   834  0.05875
Fe++       D -0.08183  2979 50873  0.05856    45   834  0.05396
Fe++       C  0.37444   797 50873  0.01567    19   834  0.02278
Fe++       A  0.40709  3857 50873  0.07582    95   834  0.11391
DNA/RNA    Y  0.33016 37838 1339739  0.02824  7989 203328  0.03929
DNA/RNA    W  0.27191 10613 1339739  0.00792  2114 203328  0.01040
DNA/RNA    V -0.48073 95160 1339739  0.07103  8930 203328  0.04392
DNA/RNA    T  0.19638 72215 1339739  0.05390 13338 203328  0.06560
DNA/RNA    S  0.12693 79747 1339739  0.05952 13741 203328  0.06758
DNA/RNA    R  0.89768 98289 1339739  0.07336 36605 203328  0.18003
DNA/RNA    Q  0.20284 53901 1339739  0.04023 10020 203328  0.04928
DNA/RNA    P -0.13971 58487 1339739  0.04366  7719 203328  0.03796
DNA/RNA    N  0.26934 50192 1339739  0.03746  9972 203328  0.04904
DNA/RNA    M -0.02661 31790 1339739  0.02373  4698 203328  0.02311
DNA/RNA    L -0.68003 113806 1339739  0.08495  8750 203328  0.04303
DNA/RNA    K  0.65987 105464 1339739  0.07872 30964 203328  0.15229
DNA/RNA    I -0.51296 77598 1339739  0.05792  7051 203328  0.03468
DNA/RNA    H  0.48666 33701 1339739  0.02515  8321 203328  0.04092
DNA/RNA    G -3.75926 94449 1339739  0.07050   334 203328  0.00164
DNA/RNA    F -0.13466 45972 1339739  0.03431  6098 203328  0.02999
DNA/RNA    E -0.59559 89697 1339739  0.06695  7504 203328  0.03691
DNA/RNA    D -0.48004 65171 1339739  0.04864  6120 203328  0.03010
DNA/RNA    C -0.77468 15570 1339739  0.01162  1089 203328  0.00536
DNA/RNA    A -0.32664 109348 1339739  0.08162 11971 203328  0.05888
Cu+(+)     Y  0.58832  1560 54724  0.02851    46   896  0.05134
Cu+(+)     W  0.53657  1000 54724  0.01827    28   896  0.03125
Cu+(+)     V  0.42199  4005 54724  0.07319   100   896  0.11161
Cu+(+)     T -1.22030  3311 54724  0.06050    16   896  0.01786
Cu+(+)     S -0.76181  3140 54724  0.05738    24   896  0.02679
Cu+(+)     R -0.71962  1756 54724  0.03209    14   896  0.01562
Cu+(+)     Q  0.22349  1563 54724  0.02856    32   896  0.03571
Cu+(+)     P  0.06194  3100 54724  0.05665    54   896  0.06027
Cu+(+)     N -3.65260  2356 54724  0.04305     1   896  0.00112
Cu+(+)     M  0.22860  1798 54724  0.03286    37   896  0.04129
Cu+(+)     L -0.51388  4901 54724  0.08956    48   896  0.05357
Cu+(+)     K -0.57629  2717 54724  0.04965    25   896  0.02790
Cu+(+)     I -0.00919  3082 54724  0.05632    50   896  0.05580
Cu+(+)     H  0.50349  2178 54724  0.03980    59   896  0.06585
Cu+(+)     G -0.45903  5316 54724  0.09714    55   896  0.06138
Cu+(+)     F  0.60594  2599 54724  0.04749    78   896  0.08705
Cu+(+)     E  1.11898  2693 54724  0.04921   135   896  0.15067
Cu+(+)     D -0.38606  3055 54724  0.05583    34   896  0.03795
Cu+(+)     C  0.65086   669 54724  0.01222    21   896  0.02344
Cu+(+)     A -0.45743  3860 54724  0.07054    40   896  0.04464
Ca++       Y -0.43780 19524 537130  0.03635   361 15387  0.02346
Ca++       W -0.15418  8960 537130  0.01668   220 15387  0.01430
Ca++       V -0.44467 34198 537130  0.06367   628 15387  0.04081
Ca++       T -0.17686 30538 537130  0.05685   733 15387  0.04764
Ca++       S -0.39138 34592 537130  0.06440   670 15387  0.04354
Ca++       R -0.25437 25931 537130  0.04828   576 15387  0.03743
Ca++       Q -0.45556 21195 537130  0.03946   385 15387  0.02502
Ca++       P -0.15347 25233 537130  0.04698   620 15387  0.04029
Ca++       N  0.12651 23931 537130  0.04455   778 15387  0.05056
Ca++       M -0.27310 12385 537130  0.02306   270 15387  0.01755
Ca++       L  0.00106 43310 537130  0.08063  1242 15387  0.08072
Ca++       K -0.24339 29878 537130  0.05563   671 15387  0.04361
Ca++       I  0.12016 28046 537130  0.05221   906 15387  0.05888
Ca++       H -0.17283 13776 537130  0.02565   332 15387  0.02158
Ca++       G  0.65562 42984 537130  0.08003  2372 15387  0.15416
Ca++       F  0.32099 23956 537130  0.04460   946 15387  0.06148
Ca++       E -0.19922 35787 537130  0.06663   840 15387  0.05459
Ca++       D  0.34313 34825 537130  0.06484  1406 15387  0.09138
Ca++       C  0.25739  9715 537130  0.01809   360 15387  0.02340
Ca++       A -0.00510 37297 537130  0.06944  1063 15387  0.06908
